function mpc = case107

% %% Case name
%  mpc.name = 'Brasil107_CPF';
 
%% system MVA base
mpc.baseMVA = 100;

%% bus data
%	bus_i			  type			   Pd			   Qd			   Gs			   	Bs		    Bus_Area		   Vm			 Va				Base_KV			  Zone			  Vmax			  Vmin
mpc.bus = [
   12.000000	    2.000000	    0.000000	    0.000000	    0.000000	    0.000000	    1.000000	    1.000000	  -24.000000	    0.000000	    1.000000	    1.060000	    0.940000;
   16.000000	    2.000000	    0.000000	    0.000000	    0.000000	    0.000000	    1.000000	    1.000000	  -26.000000	    0.000000	    1.000000	    1.060000	    0.940000;
   18.000000	    3.000000	    0.000000	    0.000000	    0.000000	    0.000000	    1.000000	    1.020000	  -24.000000	    0.000000	    1.000000	    1.060000	    0.940000;
   20.000000	    2.000000	    0.000000	    0.000000	    0.000000	    0.000000	    1.000000	    1.010000	  -22.000000	    0.000000	    1.000000	    1.060000	    0.940000;
   21.000000	    2.000000	    0.000000	    0.000000	    0.000000	    0.000000	    3.000000	    1.000000	  -63.000000	    0.000000	    1.000000	    1.060000	    0.940000;
   22.000000	    2.000000	    0.000000	    0.000000	    0.000000	    0.000000	    1.000000	    1.000000	  -20.000000	    0.000000	    1.000000	    1.060000	    0.940000;
   35.000000	    2.000000	    0.000000	    0.000000	    0.000000	    0.000000	    1.000000	    1.000000	  -27.000000	    0.000000	    1.000000	    1.060000	    0.940000;
   48.000000	    2.000000	    0.000000	    0.000000	    0.000000	    0.000000	    1.000000	    1.000000	  -42.000000	    0.000000	    1.000000	    1.060000	    0.940000;
   86.000000	    1.000000	   66.000000	    1.200000	    0.000000	    0.000000	    1.000000	    1.033000	  -42.000000	    0.000000	    1.000000	    1.060000	    0.940000;
  100.000000	    1.000000	    0.000000	    0.000000	    0.000000	    0.000000	    1.000000	    1.056000	  -28.000000	    0.000000	    1.000000	    1.060000	    0.940000;
  101.000000	    1.000000	    0.000000	    0.000000	    0.000000	 -200.000000	    1.000000	    1.069000	  -36.000000	    0.000000	    1.000000	    1.060000	    0.940000;
  102.000000	    1.000000	    0.000000	    0.000000	    0.000000	 -100.000000	    1.000000	    1.059000	  -43.000000	    0.000000	    1.000000	    1.060000	    0.940000;
  103.000000	    1.000000	    0.000000	    0.000000	    0.000000	    0.000000	    1.000000	    1.072000	  -43.000000	    0.000000	    1.000000	    1.060000	    0.940000;
  104.000000	    1.000000	  910.000000	  235.000000	    0.000000	    0.000000	    1.000000	    1.061000	  -51.000000	    0.000000	    1.000000	    1.060000	    0.940000;
  106.000000	    1.000000	    0.000000	    0.000000	    0.000000	 -100.000000	    1.000000	    1.050000	  -52.000000	    0.000000	    1.000000	    1.060000	    0.940000;
  120.000000	    1.000000	  180.000000	   90.000000	    0.000000	    0.000000	    1.000000	    1.041000	  -41.000000	    0.000000	    1.000000	    1.060000	    0.940000;
  122.000000	    1.000000	  200.000000	   38.000000	    0.000000	    0.000000	    1.000000	    1.067000	  -41.000000	    0.000000	    1.000000	    1.060000	    0.940000;
  123.000000	    1.000000	  450.000000	  175.000000	    0.000000	    0.000000	    1.000000	    1.035000	  -46.000000	    0.000000	    1.000000	    1.060000	    0.940000;
  126.000000	    1.000000	  290.000000	   95.000000	    0.000000	    0.000000	    1.000000	    1.037000	  -43.000000	    0.000000	    1.000000	    1.060000	    0.940000;
  131.000000	    1.000000	    0.000000	    0.000000	    0.000000	    0.000000	    1.000000	    1.027000	  -27.000000	    0.000000	    1.000000	    1.060000	    0.940000;
  134.000000	    1.000000	    0.000000	    0.000000	    0.000000	    0.000000	    1.000000	    1.027000	  -26.000000	    0.000000	    1.000000	    1.060000	    0.940000;
  136.000000	    1.000000	   54.000000	   23.000000	    0.000000	    0.000000	    1.000000	    1.028000	  -33.000000	    0.000000	    1.000000	    1.060000	    0.940000;
  138.000000	    1.000000	   72.000000	   34.000000	    0.000000	    0.000000	    1.000000	    1.036000	  -44.000000	    0.000000	    1.000000	    1.060000	    0.940000;
  140.000000	    1.000000	  700.000000	  250.000000	    0.000000	    0.000000	    1.000000	    1.023000	  -53.000000	    0.000000	    1.000000	    1.060000	    0.940000;
  210.000000	    1.000000	    0.000000	    0.000000	    0.000000	    0.000000	    1.000000	    1.048000	  -27.000000	    0.000000	    1.000000	    1.060000	    0.940000;
  213.000000	    1.000000	   93.000000	   39.000000	    0.000000	    0.000000	    1.000000	    1.050000	  -29.000000	    0.000000	    1.000000	    1.060000	    0.940000;
  216.000000	    1.000000	   53.000000	   25.000000	    0.000000	    0.000000	    1.000000	    1.049000	  -28.000000	    0.000000	    1.000000	    1.060000	    0.940000;
  217.000000	    1.000000	  364.000000	   58.000000	    0.000000	    0.000000	    1.000000	    1.050000	  -32.000000	    0.000000	    1.000000	    1.060000	    0.940000;
  218.000000	    1.000000	  600.000000	  200.000000	    0.000000	    0.000000	    1.000000	    1.025000	  -40.000000	    0.000000	    1.000000	    1.060000	    0.940000;
  219.000000	    1.000000	    0.000000	    0.000000	    0.000000	    0.000000	    1.000000	    1.028000	  -39.000000	    0.000000	    1.000000	    1.060000	    0.940000;
  220.000000	    1.000000	    0.000000	    0.000000	    0.000000	    0.000000	    1.000000	    1.052000	  -32.000000	    0.000000	    1.000000	    1.060000	    0.940000;
  225.000000	    1.000000	    0.000000	    0.000000	    0.000000	    0.000000	    1.000000	    1.000000	  -34.000000	    0.000000	    1.000000	    1.060000	    0.940000;
  228.000000	    1.000000	   86.000000	   34.000000	    0.000000	    0.000000	    1.000000	    1.016000	  -40.000000	    0.000000	    1.000000	    1.060000	    0.940000;
  231.000000	    1.000000	   89.700000	   31.900000	    0.000000	    0.000000	    3.000000	    1.004000	  -49.000000	    0.000000	    1.000000	    1.060000	    0.940000;
  233.000000	    1.000000	    0.000000	    0.000000	    0.000000	    0.000000	    1.000000	    1.039000	  -36.000000	    0.000000	    1.000000	    1.060000	    0.940000;
  234.000000	    1.000000	 1000.000000	  350.000000	    0.000000	    0.000000	    1.000000	    1.027000	  -39.000000	    0.000000	    1.000000	    1.060000	    0.940000;
  300.000000	    2.000000	    0.000000	    0.000000	    0.000000	    0.000000	    1.000000	    1.020000	  -19.000000	    0.000000	    1.000000	    1.060000	    0.940000;
  301.000000	    2.000000	    0.000000	    0.000000	    0.000000	    0.000000	    1.000000	    1.010000	  -19.000000	    0.000000	    1.000000	    1.060000	    0.940000;
  302.000000	    2.000000	    0.000000	    0.000000	    0.000000	    0.000000	    1.000000	    1.020000	  -18.000000	    0.000000	    1.000000	    1.060000	    0.940000;
  303.000000	    2.000000	    0.000000	    0.000000	    0.000000	    0.000000	    1.000000	    1.020000	  -24.000000	    0.000000	    1.000000	    1.060000	    0.940000;
  305.000000	    2.000000	    0.000000	    0.000000	    0.000000	    0.000000	    1.000000	    1.000000	  -22.000000	    0.000000	    1.000000	    1.060000	    0.940000;
  320.000000	    1.000000	    0.000000	    0.000000	    0.000000	    0.000000	    1.000000	    1.049000	  -24.000000	    0.000000	    1.000000	    1.060000	    0.940000;
  325.000000	    1.000000	    0.000000	    0.000000	    0.000000	    0.000000	    1.000000	    1.046000	  -23.000000	    0.000000	    1.000000	    1.060000	    0.940000;
  326.000000	    1.000000	  274.000000	  104.000000	    0.000000	    0.000000	    1.000000	    1.033000	  -26.000000	    0.000000	    1.000000	    1.060000	    0.940000;
  360.000000	    1.000000	    0.000000	    0.000000	    0.000000	    0.000000	    1.000000	    1.046000	  -22.000000	    0.000000	    1.000000	    1.060000	    0.940000;
